0 0.4317711922811854 0.5148207720588235 0.017229496898690636 0.03676470588235298
0 0.42281185389386633 0.5999923406862744 0.015851137146795344 0.04044117647058819
0 0.3838731909028257 0.6827129289215687 0.020675396278428692 0.02450980392156876
1 0.38490696071674707 0.7194776348039216 0.017229496898690577 0.02696078431372539
0 0.16781529979324603 0.6165364583333334 0.01860785665058581 0.04411764705882351
0 0.9875947622329428 0.2979090073529412 0.01654031702274305 0.019607843137254912
0 0.9824259131633357 0.2844286151960784 0.013094417643004518 0.039215686274509824
0 0.9676085458304619 0.25562959558823534 0.013783597518952462 0.025735294117647075
0 0.8676774638180568 0.44613587622549017 0.01654031702274293 0.05625765931372544
1 0.803239145416954 0.9737668504901961 0.025499655410061925 0.0404411764705883
