3 0.3423984272608126 0.07655885780885781 0.021625163826998712 0.0641025641025641
3 0.49115334207077327 0.7030157342657343 0.024246395806028845 0.08158508158508147
3 0.488859764089122 0.9756337412587414 0.02883355176933146 0.048732517482517536
3 0.27817824377457406 0.6016171328671328 0.03342070773263434 0.10023310023310014
3 0.21395806028833553 0.760708041958042 0.03866317169069464 0.06643356643356642
1 0.18512450851900394 0.5316870629370629 0.024246395806028845 0.02564102564102547
0 0.10517693315858453 0.5136217948717949 0.021625163826998684 0.038461538461538367
1 0.1503931847968545 0.39066142191142195 0.016382699868938387 0.03030303030303032
1 0.16415465268676277 0.38192016317016314 0.016382699868938387 0.03613053613053615
3 0.23885976408912188 0.32306235431235425 0.03342070773263434 0.05594405594405595
3 0.2624508519003932 0.2583770396270396 0.03735255570117954 0.0501165501165501
1 0.2572083879423329 0.10511363636363635 0.015072083879423322 0.03496503496503494
1 0.2503276539973788 0.05557983682983683 0.01834862385321099 0.03146853146853147
1 0.20642201834862384 0.1325029137529138 0.018348623853211017 0.031468531468531485
0 0.19954128440366972 0.05091783216783217 0.02293577981651375 0.03146853146853147
0 0.09141546526867629 0.043924825174825176 0.02817824377457406 0.03613053613053612
0 0.07208387942332896 0.04742132867132867 0.019659239842726075 0.036130536130536135
1 0.11795543905635648 0.22982226107226106 0.02096985583224115 0.034965034965035016
1 0.10288335517693319 0.2589597902097902 0.027522935779816526 0.03729603729603728
0 0.07601572739187419 0.3335518648018648 0.02752293577981652 0.03496503496503496
0 0.03440366972477064 0.18728146853146854 0.020314547837483612 0.043123543123543134
0 0.015399737876802098 0.18436771561771564 0.024246395806028834 0.04662004662004662
0 0.01507208387942333 0.2659527972027972 0.026212319790301444 0.04662004662004662
0 0.011140235910878114 0.3230623543123543 0.02228047182175623 0.041958041958041974
