0 0.27341688654353563 0.06726260257913248 0.020448548812664964 0.03516998827667059
0 0.37434036939313986 0.013701641266119578 0.016490765171503875 0.027403282532239157
0 0.3733509234828496 0.11943141852286047 0.017150395778364094 0.041031652989449004
0 0.29155672823219 0.2390093786635404 0.02242744063324539 0.04103165298944902
0 0.1728232189973615 0.41544548651817115 0.025065963060686012 0.044548651817116064
0 0.12829815303430078 0.595398593200469 0.020448548812664936 0.02461899179366932
0 0.1220316622691293 0.5693874560375147 0.0158311345646438 0.03678194607268463
0 0.1094986807387863 0.5623534583821805 0.017150395778364125 0.034437280187573284
0 0.09696569920844329 0.5625732708089097 0.02242744063324539 0.03399765533411491
0 0.0507915567282322 0.7905920281359906 0.02110817941952507 0.03985932004689327
2 0.7777044854881268 0.826348182883939 0.02770448548812669 0.06916764361078528
2 0.9449208443271769 0.9207209847596717 0.02176781002638511 0.06565064478311837
2 0.9162269129287599 0.9201348182883938 0.02902374670184701 0.06916764361078538
2 0.9083113456464382 0.9791178194607267 0.023746701846965715 0.041764361078546024
2 0.8446569920844329 0.886137162954279 0.028364116094986732 0.07620164126611974
2 0.8159630606860159 0.8615181711606096 0.022427440633245272 0.06213364595545125
2 0.7862796833773088 0.8961019929660023 0.03298153034300787 0.07268464243845241
