0 0.12401055408970978 0.37206916764361075 0.022427440633245362 0.046893317702227405
0 0.2516490765171504 0.1674970691676436 0.017810026385224286 0.03399765533411488
0 0.17381266490765176 0.4599941383352872 0.017810026385224286 0.035169988276670526
0 0.17513192612137202 0.5256447831184056 0.017810026385224286 0.03985932004689327
0 0.15105540897097625 0.48226846424384523 0.02110817941952507 0.03048065650644779
0 0.13258575197889183 0.4781652989449003 0.02242744063324539 0.02930832356389217
0 0.10224274406332455 0.4658558030480656 0.018469656992084433 0.03751465416178198
0 0.10092348284960423 0.5057151230949589 0.01715039577836411 0.023446658851113755
0 0.10092348284960423 0.594812426729191 0.02110817941952507 0.0257913247362251
0 0.08212401055408972 0.5889507620164126 0.01649076517150396 0.03048065650644779
0 0.1266490765171504 0.6540152403282532 0.01583113456464377 0.029308323563892222
0 0.10686015831134564 0.646395076201641 0.0158311345646438 0.03048065650644779
0 0.07684696569920843 0.6815650644783118 0.02308707124010554 0.03516998827667048
0 0.03726912928759895 0.6440504103165299 0.023087071240105544 0.03048065650644779
0 0.05573878627968338 0.7173212192262602 0.02308707124010554 0.026963657678780773
0 0.09762532981530345 0.7888335287221571 0.0237467018469657 0.03634232121922625
0 0.07222955145118734 0.7823856975381008 0.017810026385224265 0.028135990621336444
0 0.05244063324538259 0.7718347010550995 0.020448548812664905 0.032825322391559233
0 0.03430079155672824 0.7583528722157091 0.0237467018469657 0.041031652989449045
0 0.035620052770448545 0.7997508792497069 0.02374670184696569 0.030041031652989412
0 0.010224274406332454 0.8052461899179367 0.017810026385224276 0.026963657678780666
0 0.08278364116094988 0.9740621336459553 0.02440633245382588 0.03634232121922625
1 0.059036939313984176 0.9775791324736226 0.015171503957783645 0.03634232121922625
1 0.03693931398416886 0.989668815943728 0.02110817941952505 0.02066236811254393
0 0.16919525065963062 0.9439478311840563 0.02176781002638523 0.028575615474794924
0 0.24538258575197888 0.945339976553341 0.018469656992084478 0.030480656506448104
0 0.2717678100263852 0.9066529894490035 0.025065963060686012 0.03048065650644779
0 0.23021108179419525 0.8445193434935521 0.029023746701846983 0.03516998827667058
0 0.23713720316622694 0.7208382180539273 0.02176781002638523 0.03399765533411491
2 0.3393799472295515 0.4154454865181711 0.016490765171503934 0.0797186400937866
2 0.3713720316622692 0.5414712778429073 0.02242744063324539 0.08558030480656521
2 0.4195250659630607 0.5385404454865182 0.023746701846965715 0.08206330597889788
0 0.9393139841688656 0.8064185228604923 0.026385224274406364 0.041031652989449045
0 0.9713060686015832 0.84510550996483 0.025725593667546082 0.029308323563892222
