0 0.321157822191592 0.5797717524509803 0.02343211578221916 0.06372549019607847
0 0.3073742246726396 0.6030560661764706 0.0192970365265334 0.051470588235294046
3 0.4958649207443144 0.2617570465686274 0.017229496898690577 0.03308823529411766
3 0.5017229496898691 0.28565410539215685 0.02343211578221916 0.03431372549019608
1 0.9703652653342524 0.8463158700980393 0.022053756030324223 0.06250000000000011
1 0.9517574086836665 0.8487668504901962 0.009648518263266818 0.025735294117647023
3 0.9303928325292902 0.840188419117647 0.0192970365265334 0.0355392156862744
1 0.923501033769814 0.7684972426470589 0.01654031702274293 0.02450980392156865
1 0.9035148173673329 0.7770756740196079 0.0192970365265334 0.02450980392156865
0 0.27188146106133704 0.060776654411764705 0.017229496898690518 0.05024509803921568
