0 0.2786939313984169 0.08719226260257912 0.025725593667546114 0.046893317702227405
0 0.23383905013192616 0.2718347010550996 0.023087071240105582 0.031652989449003514
0 0.22526385224274406 0.2413540445486518 0.01912928759894458 0.03399765533411491
0 0.21701846965699215 0.2413540445486518 0.01846965699208445 0.04103165298944902
0 0.2011873350923483 0.2413540445486518 0.01846965699208442 0.04337631887456039
0 0.1566622691292876 0.4453399765533412 0.024406332453825848 0.03399765533411491
2 0.9874670184696571 0.7126318874560374 0.025065963060686158 0.09261430246189914
2 0.9904353562005279 0.6356242672919109 0.01912928759894458 0.06286635404454864
2 0.9257915567282322 0.5963511137162953 0.0310026385224275 0.0766412661195779
2 0.8974274406332455 0.5737104337631888 0.029683377308707175 0.06799531066822982
2 0.8674142480211083 0.6100527549824151 0.03166226912928742 0.08206330597889809
2 0.8621372031662271 0.5414712778429073 0.030343007915567335 0.07620164126611952
