0 0.7477601654031701 0.3885952818627451 0.01654031702274293 0.039215686274509824
0 0.7008959338387319 0.40759037990196084 0.0192970365265334 0.03308823529411771
1 0.6133700895933838 0.4026884191176471 0.015161957270847636 0.03308823529411766
1 0.5858028945554791 0.4529335171568627 0.011026878015161994 0.04534313725490193
0 0.5416953824948311 0.2176393995098039 0.012405237767057169 0.05514705882352939
0 0.20675396278428668 0.7415364583333334 0.02618883528600966 0.041666666666666664
0 0.10613370089593384 0.805874693627451 0.02618883528600966 0.04534313725490199
0 0.08201240523776707 0.7862668504901961 0.026188835286009644 0.0355392156862745
0 0.0951068228807719 0.8941099877450982 0.030323914541695394 0.028186274509803655
0 0.08476912474155757 0.8787913602941176 0.030323914541695394 0.01960784313725486
