0 0.8139748419171029 0.4304564736233278 0.023538932628140923 0.051859638423126256
0 0.9317711922811854 0.28504136029411764 0.015161957270847636 0.03308823529411766
0 0.9314266023432116 0.2611443014705882 0.017229496898690518 0.03431372549019608
0 0.9176430048242591 0.2317325367647059 0.017229496898690636 0.029411764705882366
0 0.37215713301171605 0.49521292892156865 0.015161957270847636 0.04411764705882351
0 0.35733976567884224 0.5729741115196079 0.01447277739490005 0.028071384803921632
0 0.31323225361819435 0.6802619485294117 0.01860785665058581 0.034313725490196026
1 0.31564438318401106 0.723154105392157 0.017918676774638105 0.026960784313725495
0 0.12164024810475536 0.6091835171568627 0.02549965541006203 0.03921568627450972
1 0.7305306685044798 0.9841260723039215 0.020675396278428692 0.03174785539215695
